Bubble Sort:

1) 10, 15, 3, 6, 12, 20, 8, 1
	i = 0
	10, 3, 15, 6, 12, 20, 8, 1
	10, 3, 6, 15, 12, 20, 8, 1
	10, 3, 6, 12, 15, 20, 8, 1
	10, 3, 6, 12, 15, 8, 20, 1
	10, 3, 6, 12, 15, 8, 1, 20
	
	i = 1
	
	10, 3, 6, 12, 15, 8, 1, 20
	3, 10, 6, 12, 15, 8, 1, 20
	3, 6, 10, 12, 15, 8, 1, 20
	3, 6, 10, 12, 8, 15, 1, 20
	3, 6, 10, 12, 8, 1, 15, 20
	
	i = 2
	
	3, 6, 10, 12, 8, 1, 15, 20
	3, 6, 10, 8, 12, 1, 15, 20
	3, 6, 10, 8, 1, 12, 15, 20
	
	i = 3
	
	3, 6, 10, 8, 1, 12, 15, 20
	3, 6, 8, 10, 1, 12, 15, 20
	3, 6, 8, 1, 10, 12, 15, 20
	
	i = 4
	
	3, 6, 8, 1, 10, 12, 15, 20
	3, 6, 1, 8, 10, 12, 15, 20
	
	i = 5
	
	3, 6, 1, 8, 10, 12, 15, 20
	3, 1, 6, 8, 10, 12, 15, 20
	
	i = 6
	
	3, 1, 6, 8, 10, 12, 15, 20
	1, 3, 6, 8, 10, 12, 15, 20
	
2) 13, 2, 5, 30, 1, 10, 7, 9, 6
